qConcreto = 4;
qPeriodo = 10;
qPontosCarga = 2;
qCimento = 4;
qAdicao = 8;
qAgregadoMiudo = 4;
qAgregadoGraudo = 4;
qAgua = 4;
qAditivo = 4;
qMateriaisAdicionais = 4;
d = [
[135.6, 110.3, 118.2, 138.9, 135.8, 110.7, 127.6, 121, 117.5, 110.5],
[126.1, 115.3, 136.3, 120.6, 128.7, 114.4, 135.9, 116.6, 138.1, 104.5],
[136, 137.7, 127.8, 122.1, 130.7, 123.7, 103.1, 129.3, 101, 114.6],
[107.8, 137.7, 137.2, 114.8, 134.6, 137.9, 110, 104.8, 126, 109.9]
];
qct = [
[209.6, 399.8, 370.4, 262],
[224.7, 299, 262.1, 274.5],
[297.8, 260, 311.1, 374.2],
[250, 264.9, 352.2, 378.2]
];
qad = [
[39.5, 27.4, 28.7, 23.6],
[31.7, 22, 38.7, 25.6],
[23.3, 22.2, 30.6, 20.3],
[35.5, 37.4, 31.9, 23.1],
[36.7, 39, 20.7, 37.5],
[37.3, 31.9, 31.4, 36.8],
[27.3, 24.2, 36.4, 23.9],
[22.2, 33.9, 38.9, 28.3]
];
qam = [
[583.8, 585, 401.2, 403.6],
[404.5, 537, 423.1, 410.8],
[541.9, 573.5, 590.6, 477.6],
[443.5, 579.3, 557.8, 508.5]
];
qag = [
[559.6, 512.9, 531.7, 552.5],
[538.7, 482.2, 592.4, 584.2],
[405.5, 499.1, 406.2, 516.4],
[571.4, 549.7, 573.3, 590.4]
];
qa = [
[539.7, 561.7, 547.6, 513.5],
[574.4, 549, 561.7, 587],
[521.4, 599.2, 556, 596.3],
[513.2, 565.1, 549.6, 597.1]
];
qav = [
[39.3, 26.3, 36.1, 36.1],
[21.9, 23.8, 23.4, 34],
[25.4, 21, 29.8, 20.8],
[29, 27.9, 20, 36.1]
];
qma = [
[0.7, 0.9, 0.6, 0.3],
[0.3, 0.6, 0.4, 0.6],
[1, 0.3, 0, 0.4],
[0.3, 0.7, 0.8, 0.4]
];
cct = [
[[273.4, 249.3, 378.9, 255.7, 252.8, 366.1, 272.3, 250.2, 222.9, 264.6][222, 253.6, 249.1, 221.1, 218.6, 312.2, 388.8, 381.4, 382.8, 219.1]],
[[251.2, 355, 253.4, 248.6, 297.7, 382.1, 281.6, 300.2, 203.5, 207.4][297.3, 366.4, 355.8, 285.3, 397, 341.6, 376.6, 370.2, 371.9, 367.5]],
[[348.2, 335.5, 333.2, 322.3, 270.3, 209.8, 224.7, 241.8, 279, 382.8][291.7, 344, 290.8, 284.2, 264.4, 318.4, 395.9, 330.3, 358, 270.6]],
[[284.4, 372.1, 246.6, 215.6, 367.3, 255.6, 297.8, 363.9, 224, 277][335.7, 218.6, 209.5, 215.3, 270.8, 315.7, 221.9, 331.1, 378.3, 287.9]]
];
cad = [
[[89.6, 76.2, 58.9, 92.6, 58.9, 63.1, 93.9, 98, 97.9, 56.7][68.4, 80.2, 52.1, 96.2, 84.6, 78.3, 95.8, 54.1, 83.3, 98.5]],
[[75.3, 89.1, 97.1, 71.7, 54.9, 55.4, 72.9, 74.2, 96.8, 99.8][84.6, 60.2, 59.2, 55.3, 64.2, 66.6, 97.7, 50.4, 83.1, 92.2]],
[[90.8, 68.1, 96.4, 90.6, 71.3, 87.8, 53.6, 59.7, 81.9, 90.8][71.8, 76.8, 61.5, 81.2, 64.7, 50.5, 79.1, 87.1, 87.6, 53.5]],
[[90.2, 69.7, 51.2, 98, 72, 58.2, 71, 96.8, 82, 68.1][80.6, 95.4, 71, 91.1, 57.8, 57.2, 92.7, 56.6, 50.5, 67.1]],
[[51.9, 63.2, 92.3, 55.9, 78, 57.8, 98.7, 78, 90.7, 63.8][87.5, 60.5, 62.8, 79.7, 51.9, 71.1, 66.9, 98.4, 68.5, 63.1]],
[[66.8, 56.8, 77.8, 63.8, 60.2, 76.5, 55.9, 70.4, 73.4, 57.5][57.8, 72.5, 86.7, 70.5, 51.6, 77.1, 77.3, 95.3, 70, 64.2]],
[[59.5, 93, 56.1, 68.2, 80.6, 70.1, 82.6, 91.3, 89.2, 86.7][90.3, 94.4, 88, 87.4, 50.3, 95.1, 85.4, 78.5, 95.7, 51.6]],
[[52, 78.3, 54.6, 83.2, 56, 65, 73.9, 92.2, 78, 74.9][93.8, 71.6, 78.3, 54.3, 53.6, 73.8, 50.6, 59.6, 83.2, 90.1]]
];
cam = [
[[115.5, 185.6, 107.6, 138.3, 122.9, 188.6, 162.8, 141.8, 198.7, 139.4][101.1, 155.3, 110.3, 134.5, 145.2, 112.9, 188.1, 132.5, 192.8, 190.3]],
[[100.6, 153, 196.3, 130.3, 177.4, 196.3, 140.9, 188.4, 109.9, 142.2][136.7, 182.4, 155.9, 146.6, 105.3, 186.4, 153.4, 160.5, 133.1, 103.3]],
[[113.4, 175.5, 180.5, 191.5, 126, 127.1, 107.8, 106.9, 126.6, 114.9][109.5, 161.4, 109.6, 122.3, 124.4, 162.5, 189.4, 177.3, 161, 126.6]],
[[147.7, 174.4, 131.9, 156.5, 102.7, 118.7, 199.4, 163.7, 129.3, 158.8][159.5, 127.5, 199.3, 189.5, 176.9, 125, 172.5, 104.7, 104.3, 150.3]]
];
cag = [
[[197.7, 116.1, 191.1, 176.7, 120.7, 190.3, 195.2, 133.1, 137.6, 181.3][157.6, 194.9, 166.9, 169.3, 130.6, 140.2, 194.2, 119.2, 121.6, 165.7]],
[[156.5, 180.6, 114.6, 118.7, 153.4, 158, 188.7, 170.4, 175.2, 199.9][198.8, 142, 127.9, 120.4, 166.6, 164.6, 118.3, 119.4, 189.7, 175.6]],
[[115, 104.4, 111.3, 155.4, 181, 193.8, 170.9, 124.6, 149.3, 153.7][115.3, 185.6, 146.5, 144.7, 176.2, 117.1, 101.5, 172.4, 123.3, 162.8]],
[[101.6, 124.8, 157.9, 137.7, 182.5, 115.5, 167, 146.5, 102.6, 166.1][121.9, 174.7, 129.5, 146, 150.7, 152, 169.3, 159.2, 137.7, 159.6]]
];
ca = [
[[36.1, 29.5, 37.2, 21.8, 34, 31, 25.8, 38.4, 22.9, 22.5][37.4, 24.4, 21.7, 33.4, 26.7, 37.4, 35.5, 25.8, 32, 22.3]],
[[25.4, 32, 33.7, 27.4, 26.6, 37, 37.2, 39.2, 24.5, 24.3][29.3, 23.7, 32.3, 20.8, 34.9, 25.4, 32.5, 21, 27.2, 25.4]],
[[38.6, 30, 25.3, 34.2, 29.3, 35.5, 29.3, 23.1, 38.4, 25.3][36.3, 28.1, 36.3, 24.5, 39.3, 24.1, 35.7, 29.8, 35.1, 37]],
[[33.8, 26.6, 33.9, 38.6, 33.2, 33.7, 32.1, 20.9, 38.5, 21.3][24.9, 34.5, 38.7, 26.5, 23.6, 35.3, 26.7, 39.5, 38.1, 31.1]]
];
cav = [
[[34.8, 39.2, 39.2, 38.7, 37.2, 34, 35.2, 34.9, 31.3, 35.2][34.6, 31.8, 32.1, 39.7, 33.4, 36, 35.4, 36.6, 30.4, 32.2]],
[[33.3, 38.8, 38.5, 36.6, 39, 34.3, 38.1, 30.3, 31.7, 36][33.8, 39.6, 32, 30.5, 30.5, 38.9, 32.4, 36.6, 30.3, 36.5]],
[[35.1, 33, 30.7, 38.2, 32, 39.3, 32.3, 33.2, 38.6, 37.7][36.7, 33.6, 30.2, 36.6, 36.4, 36, 30.8, 32.6, 39.7, 32.9]],
[[35.8, 34.9, 33.3, 35.3, 31.4, 35, 39.7, 31.7, 39.2, 34.5][33.6, 38.7, 36.2, 33.8, 37.1, 30.3, 38.1, 30.3, 34.5, 39.8]]
];
cma = [
[[148.4, 195.5, 131.4, 111.5, 123.6, 126.9, 175, 130.8, 152.6, 198.5][145.7, 169.8, 197.7, 176.7, 101.2, 106, 157.7, 100.4, 104.4, 113.2]],
[[137.8, 163.9, 151.9, 117, 145, 168.1, 181.5, 173.9, 109.5, 156.5][122.3, 135, 140.2, 112.1, 131.4, 141.4, 191.4, 170, 150, 173.4]],
[[116.1, 181.5, 161.5, 172, 133.2, 169.5, 112.8, 114.4, 172.9, 127.6][157, 196.5, 188.3, 124, 138.7, 184.5, 143.5, 114.4, 166.5, 155.5]],
[[145.4, 101, 121.3, 196.1, 176.3, 110.7, 129.5, 185.6, 145.3, 159.8][114.7, 187.7, 150.4, 131, 197.1, 156.3, 102.3, 179.9, 183.8, 175.5]]
];
ecto = [
[400, 400],
[400, 400],
[400, 400],
[400, 400]
];
eado = [
[40, 40],
[40, 40],
[40, 40],
[40, 40],
[40, 40],
[40, 40],
[40, 40],
[40, 40]
];
eamo = [
[600, 600],
[600, 600],
[600, 600],
[600, 600]
];
eago = [
[600, 600],
[600, 600],
[600, 600],
[600, 600]
];
eao = [
[600, 600],
[600, 600],
[600, 600],
[600, 600]
];
eavo = [
[40, 40],
[40, 40],
[40, 40],
[40, 40]
];
emao = [
[1, 1],
[1, 1],
[1, 1],
[1, 1]
];
Mc = [
[[140, 140, 140, 140, 140, 140, 140, 140, 140, 140][140, 140, 140, 140, 140, 140, 140, 140, 140, 140]],
[[140, 140, 140, 140, 140, 140, 140, 140, 140, 140][140, 140, 140, 140, 140, 140, 140, 140, 140, 140]],
[[140, 140, 140, 140, 140, 140, 140, 140, 140, 140][140, 140, 140, 140, 140, 140, 140, 140, 140, 140]],
[[140, 140, 140, 140, 140, 140, 140, 140, 140, 140][140, 140, 140, 140, 140, 140, 140, 140, 140, 140]]
];
